Wavelength,I,Calibrated
,,
376.455,0.016927,0.002350494615204424
376.48800000000006,0.019806,0.0027493751671912666
376.52,0.022561,0.0031311340969392963
376.55300000000005,0.023281,0.0032321649867641028
376.585,0.027537,0.0038252587098041115
376.61800000000005,0.023393,0.0032520424324837026
376.65,0.020038,0.0027875380760421817
376.68300000000005,0.019518,0.002716270430239496
376.716,0.010069,0.0014015190511223704
376.74800000000005,0.016662,0.002320361561514476
376.781,0.020399,0.002842472846829691
376.81300000000005,0.025833,0.003600671794180274
376.846,0.028745,0.004007438797819879
376.87800000000004,0.024853999999999998,0.0034662480247338932
376.911,0.032674,0.004558531543586353
376.94300000000004,0.028363,0.003959902941024671
376.976,0.027636,0.003861933019093445
377.00800000000004,0.030661,0.004289184080554509
377.041,0.032989,0.004621668159763877
377.074,0.032425999999999996,0.004551347336207528
377.106,0.031455000000000004,0.004424379349870259
377.139,0.035555,0.005013143970461394
377.171,0.035713,0.00504682524216978
377.204,0.036883,0.005222220272836422
377.236,0.040999,0.005812159356399383
377.269,0.048588,0.006891351951256779
377.301,0.050571,0.007173809793731466
377.334,0.047802,0.0067820783352474465
377.366,0.049257999999999996,0.006988244561254593
377.399,0.047652999999999994,0.006758544659439976
377.43199999999996,0.04306,0.006102058251782493
377.464,0.051438,0.007280867309079262
377.49699999999996,0.050657,0.00716277385579312
377.529,0.039245999999999996,0.005546617634708438
377.56199999999995,0.038321,0.00541656265615172
377.594,0.046661,0.006599794545835771
377.62699999999995,0.069381,0.009822240793460958
377.659,0.063825,0.009038677915233098
377.69199999999995,0.05563099999999999,0.007876995544316744
377.724,0.052261,0.0073961941776806315
377.75699999999995,0.065661,0.009285573509051067
377.789,0.069951,0.009885620556226101
377.82199999999995,0.06904500000000001,0.009753641147311889
377.855,0.077266,0.010908074668756255
377.88699999999994,0.082053,0.011571094178520484
377.92,0.08415399999999999,0.01185056481671433
377.952,0.084472,0.011879675595352525
377.985,0.088272,0.012403611314629245
378.017,0.086809,0.012190530158913929
378.05,0.08759199999999999,0.01229393467680763
378.082,0.084488,0.011853534469680821
378.115,0.093028,0.01304852960026522
378.147,0.09156900000000001,0.012839294307782498
378.18,0.097976,0.013730150801738557
378.212,0.10485699999999999,0.014683999149081393
378.245,0.10164,0.014219843212926792
378.277,0.10565999999999999,0.014769280426201915
378.31,0.122057,0.017054212341528326
378.343,0.11161900000000001,0.015593701352597371
378.375,0.115006,0.016066040121995334
378.408,0.122223,0.01708123974836722
378.44,0.132208,0.01848761730916246
378.473,0.134527,0.01882992734894422
378.505,0.141399,0.019817814092174292
378.538,0.153606,0.021570962257757467
378.57,0.157781,0.02220356193983667
378.603,0.160669,0.022654228378910284
378.635,0.158703,0.0224130075998525
378.668,0.16028299999999998,0.02266251756095551
378.7,0.169428,0.023972153836425557
378.733,0.166259,0.02353952494610214
378.765,0.178277,0.025258731332801907
378.798,0.192193,0.027243949551845427
378.83,0.18925699999999998,0.02684567791554577
378.86300000000006,0.188067,0.026710217042180684
378.895,0.203009,0.028880227991967752
378.92800000000005,0.215521,0.03071059180396706
378.96,0.213696,0.030497428288695675
378.99300000000005,0.21609099999999998,0.030889992004062526
379.025,0.22474899999999998,0.03218305544104113
379.05800000000005,0.232265,0.03332785333774079
379.09,0.238515,0.03434452174448273
379.12300000000005,0.256119,0.03696037973866117
379.155,0.265611,0.038333291104617855
379.18800000000005,0.27672399999999997,0.03985697997534707
379.22,0.283837,0.04078655971363671
379.25300000000004,0.28010799999999997,0.04016679395470196
379.286,0.27953,0.040021890086267276
379.31800000000004,0.282918,0.04048633703480375
379.351,0.29585,0.04231094773409874
379.38300000000004,0.308948,0.04415091888822184
379.416,0.298944,0.04269591632087568
379.44800000000004,0.307249,0.04386613892300511
379.481,0.327353,0.04673200779320312
379.51300000000003,0.330968,0.047251120141009996
379.546,0.344112,0.04911034546522892
379.57800000000003,0.348667,0.049712684714835656
379.611,0.346396,0.04927651038335114
379.64300000000003,0.36030500000000004,0.05105372136715286
379.676,0.369139,0.0520342384716296
379.708,0.37735799999999997,0.05286794756717377
379.741,0.370525,0.05152067228642865
379.773,0.37006100000000003,0.0510727313822858
379.806,0.37233099999999997,0.05103801113476354
379.838,0.381293,0.05197561755007112
379.871,0.388418,0.05272906253027544
379.903,0.396376,0.05362486982874654
379.936,0.388351,0.05234974785834501
379.968,0.409148,0.05497034393507169
380.001,0.42227299999999995,0.05657576794734719
380.033,0.454561,0.06077471117978104
380.066,0.476268,0.0635866948944094
380.098,0.49106099999999997,0.06548887190114827
380.131,0.49937299999999996,0.06649761441828725
380.163,0.5303100000000001,0.07048962870764552
380.19599999999997,0.5975020000000001,0.07925112680691708
380.228,0.64328,0.08515649309055702
380.26099999999997,0.688723,0.09104526059434069
380.293,0.739116,0.09761405810292809
380.32599999999996,0.782051,0.10318425779657858
380.358,0.789218,0.10400591324021893
380.39,0.764472,0.10064143925026006
380.423,0.754699,0.09929110876892161
380.455,0.691315,0.09092448216892206
380.48800000000006,0.60316,0.07933996012040873
380.52,0.527046,0.06936601242828559
380.55300000000005,0.41981599999999997,0.05528596043387766
380.585,0.354918,0.046743038512739435
380.61800000000005,0.297296,0.03912680876032471
380.65,0.24568099999999998,0.03228273262801706
380.68300000000005,0.21055900000000002,0.027608417473462505
380.715,0.191504,0.025050530904090134
380.74800000000005,0.171562,0.022384876861553833
380.78,0.14795,0.019257219390658796
380.81300000000005,0.133327,0.017317303380786693
380.845,0.142275,0.018450434351219427
380.87800000000004,0.13594900000000001,0.017611085807216015
380.91,0.13185999999999998,0.017074827297341076
380.94300000000004,0.135689,0.017570575910292336
380.975,0.134245,0.017387478860285327
381.00800000000004,0.131081,0.0169832181607491
381.04,0.134487,0.017427114322126642
381.07300000000004,0.12791,0.016573067829914703
381.105,0.131365,0.017009267578548856
381.13800000000003,0.13392,0.017312340683500703
381.17,0.131192,0.01692597951542482
381.20300000000003,0.13375599999999999,0.01722640499776151
381.235,0.13182,0.016954392288548028
381.267,0.132872,0.017068885897194408
381.3,0.125383,0.0160870283393862
381.332,0.131868,0.01690128206687865
381.365,0.142112,0.01819780888747371
381.397,0.150634,0.0192777714720313
381.43,0.147542,0.018873524908755785
381.462,0.145491,0.018601064561390313
381.495,0.141708,0.018102415014680788
381.527,0.14521099999999998,0.018532891443908288
381.56,0.151381,0.019295457336799906
381.592,0.14651,0.018643192671388118
381.625,0.15267,0.01938844126213308
381.657,0.16283399999999998,0.020646217490288735
381.69,0.157353,0.019933553644397608
381.722,0.155788,0.019728712878223052
381.755,0.15384,0.019481364281121516
381.787,0.152719,0.019346934136258646
381.819,0.150151,0.01903350595935656
381.852,0.153386,0.019458335817306136
381.884,0.16386900000000001,0.02080533072197194
381.917,0.165975,0.021098396462265565
381.949,0.176143,0.02242711380703445
381.98199999999997,0.180778,0.023054872634304717
382.014,0.184344,0.023553148008626297
382.04699999999997,0.18561,0.023760247879280973
382.079,0.182873,0.0234471878801009
382.11199999999997,0.185823,0.023855249133416502
382.144,0.185354,0.023818627631885008
382.17699999999996,0.182224,0.023439810641582324
382.209,0.184819,0.023792373362382324
382.241,0.194471,0.025046403324699422
382.274,0.201337,0.02593612095908074
382.306,0.201403,0.025943476623539338
382.339,0.201274,0.025927670371520824
382.371,0.21305500000000002,0.027451855496031206
382.404,0.221638,0.028560987295526922
382.436,0.215209,0.027721282683654577
382.469,0.21334699999999998,0.0274636634839855
382.501,0.21641100000000002,0.027839462168695747
382.534,0.217271,0.02792003917828052
382.566,0.21872399999999997,0.028066694157988025
382.598,0.23439400000000002,0.030036657803899545
382.631,0.242321,0.031022214341894276
382.663,0.239912,0.03069737919443833
382.69599999999997,0.240198,0.030711377999977155
382.728,0.25258200000000003,0.0322677102244659
382.76099999999997,0.260306,0.033232056368384735
382.793,0.24736100000000003,0.03156403022826954
382.82599999999996,0.256538,0.03272243202089299
382.858,0.26425,0.03370153706319229
382.89,0.262077,0.03342742826643447
382.923,0.273194,0.03485262474431517
382.955,0.277532,0.035410615877047115
382.98800000000006,0.280535,0.035795697007564034
383.02,0.277373,0.03539633851191152
383.05300000000005,0.27269299999999996,0.03482090817415204
383.085,0.27981100000000003,0.03577414510916018
383.11800000000005,0.280624,0.03593221337989709
383.15,0.28313299999999997,0.03631452718065893
383.18199999999996,0.285531,0.036685068898609174
383.215,0.280855,0.0361255313100018
383.24699999999996,0.289716,0.0372845838972742
383.28,0.295842,0.03808816495016253
383.31199999999995,0.298066,0.03839076280008255
383.345,0.30804899999999996,0.039706078258438436
383.37699999999995,0.305307,0.039408921697649896
383.409,0.311948,0.040348283129573295
383.44199999999995,0.318701,0.04132638755418711
383.474,0.30643200000000004,0.039841553234522334
383.50699999999995,0.302688,0.039455406619354226
383.539,0.310752,0.040587787012661906
383.57199999999995,0.312651,0.04089577412589266
383.60400000000004,0.307726,0.040299459669519026
383.63699999999994,0.30799899999999997,0.04037301013282235
383.66900000000004,0.303745,0.03984337644279726
383.70099999999996,0.301172,0.039533874873649476
383.73400000000004,0.30283000000000004,0.03977774704615482
383.76599999999996,0.30137600000000003,0.03961154317887407
383.79900000000004,0.304186,0.04000348144215188
383.83099999999996,0.308042,0.04052230851739644
383.86400000000003,0.308111,0.04053750737601839
383.89599999999996,0.311218,0.04095263753087542
383.92800000000005,0.320151,0.04214002490203778
383.961,0.329251,0.04334442165883943
383.99300000000005,0.329352,0.043360428288599824
384.026,0.326587,0.043004213532125246
384.05800000000005,0.331814,0.04371589324293747
384.09,0.340607,0.04491374745008407
384.12300000000005,0.34276100000000004,0.04526136582916446
384.155,0.356168,0.047127158158722975
384.18800000000005,0.35582199999999997,0.04719593494330316
384.22,0.36212,0.04814960821954588
384.25300000000004,0.38945,0.051901268451002375
384.285,0.399382,0.05332410534558484
384.31699999999995,0.394158,0.05270132753618638
384.35,0.399097,0.053423886804221984
384.38199999999995,0.412264,0.05524828024305895
384.415,0.439255,0.05893330832977237
384.44699999999995,0.451088,0.06057449700446974
384.48,0.461887,0.062051380611504565
384.51199999999994,0.469199,0.06302129408162158
384.54400000000004,0.483687,0.06492052408492617
384.577,0.501768,0.06726934798385809
384.60900000000004,0.513342,0.06870709252072646
384.642,0.514067,0.06867661009461684
384.67400000000004,0.530361,0.07075404470032083
384.70599999999996,0.5640970000000001,0.0751885829590449
384.73900000000003,0.570639,0.07601149037141988
384.77099999999996,0.591059,0.07868300127832684
384.80400000000003,0.6085520000000001,0.08097035996281055
384.836,0.619961,0.08247179991495525
384.86800000000005,0.646187,0.08594669963324351
384.901,0.673251,0.089533311738325
384.93300000000005,0.702397,0.09340570450321141
384.966,0.725296,0.09645073316626251
384.99800000000005,0.7357779999999999,0.09785012932344801
385.03,0.737056,0.09800644112648434
385.06300000000005,0.722675,0.09606939891693655
385.095,0.71126,0.09452967565492724
385.12800000000004,0.678035,0.09007866108354949
385.16,0.657445,0.08732000426459131
385.19300000000004,0.6573979999999999,0.0873003571570199
385.225,0.633955,0.0841765067453965
385.25699999999995,0.628848,0.08349323027951487
385.29,0.637575,0.0846428149886643
385.32199999999995,0.6447470000000001,0.08557689308975726
385.355,0.6628569999999999,0.08797287705770372
385.38699999999994,0.677679,0.08991344214280204
385.41900000000004,0.671751,0.08907450036414126
385.452,0.637417,0.08443760761289268
385.48400000000004,0.628632,0.08320559045938979
385.51599999999996,0.6248560000000001,0.08268345785782706
385.54900000000004,0.608197,0.08049372780062308
385.58099999999996,0.603925,0.07997637176296253
385.61400000000003,0.5814159999999999,0.0770781373837965
385.64599999999996,0.557963,0.07406214895885888
385.67800000000005,0.552088,0.07339676636353085
385.711,0.544097,0.07250216792157244
385.74300000000005,0.555067,0.07415179202196778
385.776,0.561044,0.0751282664010053
385.80800000000005,0.554932,0.07444544254867844
385.84,0.570381,0.07663123288611283
385.87300000000005,0.58757,0.07902069613655298
385.905,0.599746,0.08068290738614983
385.93800000000005,0.613363,0.08251950238031759
385.97,0.628633,0.08457770437894657
386.00199999999995,0.6503720000000001,0.08751432374542382
386.035,0.660572,0.0889094350289918
386.06699999999995,0.6624770000000001,0.08921163829143944
386.1,0.650629,0.08772739307356275
386.13199999999995,0.653515,0.08829749940134182
386.164,0.620226,0.08399332955553465
386.19699999999995,0.596037,0.08087837878508555
386.22900000000004,0.559789,0.07606879281594627
386.26099999999997,0.527807,0.07179626071627776
386.29400000000004,0.48566899999999996,0.06611119363707711
386.32599999999996,0.45244700000000004,0.06162486864736631
386.35900000000004,0.435561,0.05937408598227398
386.39099999999996,0.432486,0.05902232803634563
386.423,0.417971,0.05709779467995963
386.45599999999996,0.42623599999999995,0.058267696002019115
386.48800000000006,0.43564200000000003,0.05959163883879856
386.52,0.45757299999999995,0.06264585814982546
386.55300000000005,0.482146,0.06609237151871578
386.585,0.501437,0.06884897033282666
386.61800000000005,0.53158,0.07311647130008156
386.65,0.524982,0.072303997035151
386.68199999999996,0.534276,0.07367180927505697
386.715,0.543251,0.07502787166383602
386.74699999999996,0.56745,0.07851974175623279
386.779,0.59065,0.08188576000424808
386.81199999999995,0.600348,0.08336869081386053
386.844,0.6298229999999999,0.08757068248743907
386.87699999999995,0.673721,0.09376585112205248
386.909,0.697298,0.09712203715092198
386.941,0.717472,0.09998694446792918
386.974,0.751607,0.10477699277822275
387.006,0.778539,0.1085330563671048
387.038,0.776939,0.1082904485023919
387.07099999999997,0.7725810000000001,0.10765511816481745
387.103,0.742966,0.1034667951782726
387.13599999999997,0.7011850000000001,0.09753996559131511
387.168,0.6382939999999999,0.08866020808263012
387.2,0.56385,0.07815883172870605
387.233,0.491584,0.06795228423346675
387.265,0.43208199999999997,0.0595398009833928
387.29699999999997,0.372102,0.05110581495277229
387.33,0.31097600000000003,0.042573133342264285
387.36199999999997,0.29373499999999997,0.040097104005932485
387.394,0.267714,0.03644974156955306
387.42699999999996,0.252686,0.03433407337651349
387.459,0.242168,0.032864530342223426
387.49199999999996,0.242522,0.032884044061931024
387.524,0.237806,0.03222068345396991
387.556,0.237969,0.032213258532374174
387.589,0.25966100000000003,0.03510801976805345
387.621,0.28038,0.0378596818162671
387.653,0.285375,0.03848227253547439
387.686,0.31157399999999996,0.04196167389598776
387.718,0.34713499999999997,0.04670517257552595
387.75,0.366566,0.04928476374567905
387.783,0.392752,0.05278395386885906
387.815,0.415026,0.05577308714896157
387.847,0.450205,0.06049959301514211
387.88,0.48818100000000003,0.06559553419916986
387.912,0.5311560000000001,0.07135899475025173
387.944,0.562657,0.07557986485448721
387.977,0.6186560000000001,0.08308223230929597
388.009,0.651997,0.08752796340759106
388.042,0.693217,0.09301073493946567
388.074,0.7470680000000001,0.10016123200693156
388.106,0.823049,0.11023613657601247
388.139,0.87936,0.11761805486151071
388.171,0.914567,0.12214362707174996
388.20300000000003,0.983649,0.13116991405023212
388.236,1.019117,0.13573030645099038
388.26800000000003,1.02,0.13575119172561692
388.3,0.984721,0.13100199112267658
388.333,0.9091229999999999,0.12091266270575009
388.365,0.785193,0.1044270501499278
388.397,0.678398,0.09024934667080405
388.43,0.557708,0.07422084078057259
388.462,0.444733,0.059196841451522625
388.494,0.344041,0.045784153049509835
388.527,0.256509,0.03410770110865211
388.559,0.21953699999999998,0.02915774879765476
388.591,0.182039,0.02414645528382525
388.624,0.163859,0.021706003700105597
388.656,0.144335,0.019097350499030462
388.68800000000005,0.12693,0.016783839760964023
388.721,0.11216199999999998,0.014834374727939555
388.75300000000004,0.11205599999999999,0.0148326332496662
388.785,0.109694,0.01453440953554456
388.81800000000004,0.106974,0.014184865314706014
388.85,0.10102699999999999,0.013400659727215788
388.88199999999995,0.099824,0.01324306897260713
388.915,0.09054,0.012015762194020238
388.94699999999995,0.079838,0.01060208819378265
388.97900000000004,0.078539,0.010437498405647349
389.01199999999994,0.074014,0.009845651837771153
389.04400000000004,0.077613,0.010337384125151948
389.07599999999996,0.084466,0.011267911858371171
389.10900000000004,0.084612,0.011307378223452439
389.14099999999996,0.082203,0.011003077304581372
389.173,0.081058,0.010865760914035752
389.20599999999996,0.08819400000000001,0.011837075511157818
389.23800000000006,0.090987,0.012220171113950046
389.27,0.09597699999999999,0.012893145743883288
389.30300000000005,0.090863,0.012205946710543989
389.335,0.088511,0.011890471002322751
389.36699999999996,0.082661,0.011108167911362474
389.4,0.07646,0.010279744462277361
389.43199999999996,0.079915,0.01074923869694632
389.464,0.079084,0.010643630228858445
389.49699999999996,0.070635,0.009513873549691866
389.529,0.050975,0.006870921193059181
389.561,0.050559,0.006818707814268928
389.593,0.043343,0.005848553556139393
389.626,0.036481,0.004926031296644021
389.658,0.026393,0.003566666835708797
389.69,0.024278,0.003283569164549364
389.723,0.028589999999999997,0.003870796024970828
389.755,0.020258,0.0027459377906010646
389.787,0.017342,0.0023533497688024265
389.82,0.011895000000000001,0.001615966012056335
389.852,0.012242,0.00166442676000012
389.884,0.009779000000000001,0.001329845693393648
389.917,0.016103,0.002189261728054147
389.949,0.01395,0.001896231642961169
389.981,0.017772,0.0024164022488173077
390.014,0.020891,0.002842148262295382
390.046,0.017419999999999998,0.0023710400200148874
390.07800000000003,0.020484,0.0027886799482243793
390.11,0.020025,0.0027265682646042924
390.14300000000003,0.023661,0.003222135095238499
390.175,0.020325,0.0027677473724723586
390.207,0.021328,0.002903968366009621
390.24,0.020581,0.002802478392627069
390.272,0.020354,0.0027723525481903985
390.30400000000003,0.018355,0.002500968620882063
390.337,0.019254,0.0026240923020346887
390.369,0.015841,0.002159014095515339
,,
,,
,,
,,
,,
,,
,,
,,
,,
,,
,,
,,
,,
,,
,,
,,
,,
,,
,,
,,
,,
,,
,,
,,
,,
,,
,,
,,
,,
,,
,,
,,
,,
,,
,,
,,
,,
,,
,,
,,
,,
,,
,,
,,
,,
,,
,,
,,
,,
,,
,,
,,
,,
,,
,,
,,
,,
,,
,,
,,
,,
,,
,,
,,
,,
,,
,,
,,
,,
,,
,,
,,
,,
,,
,,
,,
,,
,,
